to dziala


152 17 137 1 44 128 0 156 1 144 137 1 44 0 1 157 0 90 153 153

152 21 137 1 44 128 0 156 1 144 137 1 44 0 1 157 0 90 137 0 0 0 0 153


152 29
137 1 44 128 0
156 1 144
137 1 44 0 1
157 0 90
137 1 44 128 0
137 0 0 0 0
153
153

152 29 137 1 44 128 0 156 1 144 137 1 44 0 1 157 0 90 137 1 44 128 0 137 0 0 0 0 153


152 69
137 1 44 128 0
156 0 200
137 1 44 0 1
157 0 90
137 1 44 128 0
156 1 320
137 1 44 0 1
157 0 90
137 1 44 128 0
156 0 200
137 1 44 0 1
157 0 90
137 1 44 128 0
156 1 320
137 1 44 0 1
157 0 90
137 0 0 0 0
153
153


152 37 137 1 44 128 0 156 1 144 137 1 44 0 1 157 0 90 137 1 44 128 0 156 1 144 137 1 44 0 1 157 0 90 137 0 0 0 0 153 153
